10502
11002
11622
14102
16702
70301
00017
00020
00700
01110
02345
02390
02466
02622
03369
03700
04300
05152
05223
05301
05597
08002
08042
09420
09422
09427
10291
10612
11591
11761
12001
12391
12611
13702
14071
14261
14281
14651
14861
15551
15621
16702
18102
183L1
183R1
18501
19351
35100
35400
36500
3742C
50623
51001
527S2
52932
538S2
54193
54501
54632
59311
5s472
5S612
5s672
60023
60083
60663
61134
61822
63251
64292
64532
65041
66904
68744
70002
70201M
70601
72502
76442
77022
78002
79302
81441
90151
90242
90262
90641
91003
91111
92081
92611
94011
94111
94161
94581
94631
95691
96741




